[ 6996.759255] [project1] 4152 1588168313.424894812 1588168314.708393131
[ 6999.333278] [project1] 4153 1588168315.950338258 1588168317.282416627
[ 7001.794852] [project1] 4154 1588168318.476046331 1588168319.743989927
[ 7004.353806] [project1] 4155 1588168320.979438981 1588168322.302943971
[ 7006.829647] [project1] 4156 1588168323.511982924 1588168324.778784960
[ 7009.350435] [project1] 4157 1588168325.990120580 1588168327.299573095
[ 7011.820853] [project1] 4158 1588168328.505646857 1588168329.769990542
[ 7014.339975] [project1] 4159 1588168330.973503331 1588168332.289110058
[ 7016.797786] [project1] 4160 1588168333.489567677 1588168334.746923757
[ 7019.268817] [project1] 4161 1588168335.970249114 1588168337.217954705
